Flux_rate = [0.2 0.5 1 2 4 8 16];
